0 0.878906 0.393574 0.051562 0.163320
0 0.822656 0.612450 0.085938 0.186078
0 0.454688 0.495984 0.056250 0.204819
0 0.394141 0.431727 0.042969 0.153949
0 0.348047 0.508032 0.038281 0.151272
2 0.230469 0.435074 0.053125 0.171352
2 0.293359 0.574967 0.067969 0.119143
2 0.215234 0.634538 0.046094 0.192771
2 0.012891 0.686747 0.025781 0.211513
2 0.422656 0.486613 0.048438 0.164659
8 0.278125 0.068942 0.045312 0.060241
10 0.583984 0.408969 0.205469 0.036145
9 0.218750 0.420348 0.139062 0.045515