0 0.813672 0.538822 0.077344 0.153949
0 0.669531 0.388220 0.067187 0.139224
0 0.673828 0.287149 0.046094 0.137885
0 0.333594 0.253012 0.045313 0.131191
2 0.308203 0.309906 0.039844 0.119143
2 0.319141 0.370147 0.047656 0.151272
2 0.435156 0.536814 0.051563 0.149933
2 0.671875 0.497992 0.060938 0.120482
2 0.058594 0.859438 0.081250 0.275770
0 0.237891 0.891566 0.094531 0.214190
10 0.851953 0.372825 0.224219 0.038822
9 0.469922 0.370147 0.138281 0.046854
8 0.278125 0.067604 0.043750 0.054886