10 0.588672 0.407631 0.202344 0.036145
9 0.227734 0.419679 0.141406 0.044177
8 0.278125 0.067604 0.043750 0.057564
2 0.430469 0.483936 0.050000 0.164659
2 0.302734 0.572959 0.078906 0.123159
2 0.223438 0.636546 0.046875 0.210174
2 0.016406 0.688086 0.032813 0.224900
2 0.237500 0.435743 0.050000 0.159304
0 0.353516 0.508032 0.039844 0.159304
0 0.397266 0.429050 0.035156 0.156627
0 0.457813 0.492637 0.048438 0.195448
0 0.819922 0.611780 0.088281 0.190094
0 0.879687 0.393574 0.050000 0.160643