10 0.600781 0.408969 0.200000 0.038822
9 0.238672 0.419679 0.135156 0.044177
8 0.277734 0.068942 0.046094 0.060241
2 0.233594 0.631191 0.048437 0.180723
2 0.243359 0.433066 0.044531 0.159304
2 0.441797 0.486613 0.047656 0.156627
2 0.316016 0.567604 0.075781 0.117805
2 0.024609 0.683400 0.049219 0.231593
0 0.367578 0.505355 0.041406 0.151272
0 0.401562 0.435074 0.040625 0.165997
0 0.820312 0.617135 0.084375 0.192771
0 0.880078 0.392905 0.042969 0.159304
0 0.467578 0.495984 0.058594 0.194110