0 0.362891 0.505355 0.044531 0.151272
0 0.400391 0.429050 0.041406 0.156627
0 0.464062 0.496653 0.056250 0.200803
0 0.819141 0.611111 0.088281 0.191432
0 0.881250 0.391566 0.045312 0.159304
2 0.433594 0.486613 0.045312 0.159304
2 0.309375 0.568942 0.068750 0.120482
2 0.230469 0.634538 0.048438 0.195448
2 0.239453 0.433735 0.055469 0.163320
2 0.022266 0.688086 0.044531 0.224900
8 0.277734 0.068273 0.041406 0.058902
9 0.232812 0.420348 0.132812 0.045515
10 0.595312 0.409639 0.201562 0.042838