0 0.304297 0.244311 0.044531 0.124498
0 0.535547 0.276439 0.055469 0.143240
0 0.619141 0.350067 0.053906 0.140562
0 0.829688 0.493307 0.067187 0.135207
0 0.245312 0.888889 0.078125 0.216867
2 0.241406 0.518742 0.065625 0.161981
2 0.569531 0.422356 0.048438 0.119143
2 0.225781 0.340027 0.059375 0.131191
2 0.225000 0.296519 0.042187 0.113788
2 0.023828 0.840696 0.047656 0.273092
9 0.349609 0.379518 0.142969 0.052209
8 0.277734 0.069612 0.044531 0.061580
10 0.734375 0.375000 0.209375 0.044444