0 0.386328 0.267738 0.061719 0.131191
0 0.805859 0.326640 0.053906 0.147256
0 0.689453 0.419009 0.046094 0.141901
0 0.808594 0.591700 0.073438 0.155288
0 0.284375 0.884203 0.081250 0.223561
2 0.383203 0.397590 0.069531 0.182062
2 0.388281 0.340696 0.053125 0.151272
2 0.095703 0.863454 0.080469 0.262383
2 0.585938 0.599732 0.082812 0.176707
2 0.727344 0.548862 0.067188 0.144578
9 0.576172 0.358768 0.135156 0.048193
10 0.924609 0.371486 0.147656 0.041499
8 0.277734 0.067604 0.042969 0.057564