9 0.431250 0.372155 0.135937 0.048193
10 0.812500 0.372825 0.223437 0.041499
8 0.277734 0.066265 0.044531 0.054886
2 0.293359 0.356091 0.053906 0.139224
2 0.279687 0.306560 0.039062 0.133869
2 0.043750 0.850736 0.085938 0.271754
2 0.376563 0.528782 0.046875 0.152610
2 0.637500 0.469880 0.057812 0.120482
0 0.655078 0.378849 0.050781 0.144578
0 0.626563 0.287818 0.042188 0.155288
0 0.322656 0.248327 0.040625 0.119143
0 0.236719 0.891566 0.087500 0.214190
0 0.810547 0.518742 0.047656 0.140562