8 0.277344 0.066934 0.043750 0.056225
9 0.521094 0.364793 0.135938 0.046854
10 0.895703 0.373494 0.207031 0.045515
2 0.356641 0.378179 0.069531 0.148594
2 0.347266 0.322624 0.046094 0.128514
2 0.514453 0.562918 0.066406 0.156627
2 0.699219 0.526774 0.079687 0.129853
2 0.075000 0.863454 0.082813 0.265060
0 0.800000 0.568942 0.081250 0.144578
0 0.736719 0.308568 0.054688 0.159304
0 0.677344 0.399598 0.056250 0.135207
0 0.258203 0.889558 0.086719 0.218206
0 0.359375 0.259705 0.043750 0.131191