8 0.278125 0.066934 0.043750 0.056225
9 0.394531 0.373494 0.139062 0.042838
2 0.602344 0.447122 0.064063 0.133869
2 0.316016 0.520750 0.050781 0.149933
2 0.035937 0.846051 0.071875 0.273092
2 0.260937 0.347390 0.065625 0.143240
2 0.250781 0.293842 0.042187 0.113788
0 0.315625 0.245649 0.056250 0.124498
0 0.642969 0.364123 0.057813 0.147256
0 0.818359 0.504685 0.052344 0.133869
0 0.581250 0.282463 0.051563 0.152610
0 0.237891 0.888889 0.086719 0.214190
10 0.771875 0.373611 0.215625 0.047222