0 0.770312 0.401606 0.082813 0.136546
0 0.785937 0.647925 0.084375 0.195448
0 0.329688 0.532798 0.040625 0.155288
0 0.249219 0.429719 0.042188 0.149933
0 0.178125 0.532798 0.046875 0.195448
2 0.098438 0.451138 0.050000 0.149933
2 0.109766 0.610442 0.061719 0.168675
2 0.334766 0.506024 0.055469 0.149933
2 0.017969 0.665328 0.035937 0.203481
8 0.277734 0.069612 0.044531 0.058902
10 0.442578 0.441098 0.196094 0.036145
9 0.062500 0.469210 0.125000 0.046854
6 0.983594 0.277778 0.029687 0.049531